0,352
0,351
0,350
0,349
0,348
0,347
0,346
0,345
0,344
0,343
0,342
0,341
0,340
36,4
36,3
36,2
0,339
36,1
36,0
35,9
35,8
35,7
35,6
0,338
0,337
0,336
0,335
0,334
35,5
35,4
35,3
35,2
0,333
35,1
35,0
0,332
0,331
0,330
0,329
0,328
34,5
34,4
34,3
34,2
0,327
34,1
34,0
0,326
0,325
33,4
33,3
33,2
33,1
33,0
32,4
32,3
32,2
32,1
32,0
31,37
31,33
31,36
0,324
31,35
31,34
31,25
31,32
31,10
31,31
31,30
31,19
31,29
0,323
31,28
31,11
31,27
31,26
31,18
31,21
31,24
31,23
31,22
0,322
31,15
31,20
31,17
31,16
31,13
0,321
31,14
31,12
31,5
31,4
31,9
31,8
31,7
31,6
0,320
0,319
31,3
31,2
31,1
31,0
30,11
30,10
30,9
30,8
30,7
30,6
30,5
